Global model call: lme4::glmer(formula = Recruits ~ Spat2018 + ForRate + TEve + 
    TDiv + TOP + Herb + Benthic + (1 | Site), data = RecruitData, 
    family = MASS::negative.binomial(theta = 3.03947207263607), 
    na.action = "na.fail")
---
Model selection table 
    (Intrc)    ForRt   Herb   S2018     TDiv
19   1.8500  0.17090  6.616  0.5238         
3   -0.2525  0.56970  4.734  1.0370         
11  -8.0950  1.08100  7.296  1.0520         
20   3.0010 -0.18780  7.853  0.4650         
15 -20.7100  1.85300  9.486  1.9600   9.8220
4   -0.1144  0.58950  4.793  0.9234         
7   -1.0990  0.61700  4.846  1.1170   0.8457
27  -2.8340  0.57160  7.199  0.7226         
23   2.9240  0.10410  6.495  0.4226  -1.0540
12  -7.8910  1.07400  7.249  1.0300         
32  11.2400 -0.92760  7.307          -2.1010
31 -45.7500  3.75100 12.230  3.6710  21.3100
16 -26.5100  2.17200 10.570  2.4320  13.4100
24   0.9094 -0.07944  8.198  0.6655   2.1420
28   6.1250 -0.50760  7.748  0.3295         
30  95.8700 -7.87600        -5.4520 -36.8700
8    0.8074  0.53900  4.675  0.8310  -0.9130
29  48.6900 -3.22400        -2.6610 -24.0300
1    2.2880  0.06471         0.6511         
5   18.1500 -0.76990        -0.6791 -17.0500
9    8.7420 -0.17590         0.8500         
13  18.8600 -0.71970        -0.2434 -12.9800
17  -0.2635  0.52650         1.2120         
2    2.4300  0.08668         0.5485         
6   20.6500 -0.81210        -1.1440 -19.3100
25  17.6300 -1.02900         0.2241         
10   9.5610 -0.15250         0.6406         
21  16.4500 -0.61090        -0.4674 -15.7700
14  21.5200 -0.74080        -0.7714 -15.3500
18  -1.3730  0.94470         1.1220         
22  14.9400 -0.18060        -0.5240 -15.2300
26  17.6400 -1.03100         0.2246         
      TEve     TOP df   logLik  AICc delta weight
19          -7.519  7 -101.363 222.6  0.00  0.229
3                   6 -103.213 222.6  0.01  0.229
11   8.126          7 -101.489 222.9  0.25  0.202
20         -12.990  8 -100.652 225.3  2.68  0.060
15  11.010          8 -100.816 225.6  3.01  0.051
4                   7 -102.957 225.8  3.19  0.047
7                   7 -103.207 226.3  3.69  0.036
27   4.049  -4.748  8 -101.187 226.4  3.75  0.035
23          -7.587  8 -101.353 226.7  4.09  0.030
12   7.943          8 -101.481 227.0  4.34  0.026
32  -4.943 -18.300  9 -100.615 229.8  7.20  0.006
31  22.320   9.326  9 -100.615 229.8  7.20  0.006
16  13.120          9 -100.615 229.8  7.20  0.006
24         -13.290  9 -100.615 229.8  7.20  0.006
28  -2.495 -15.820  9 -100.615 229.8  7.20  0.006
30 -45.430 -59.330  9 -100.615 229.8  7.20  0.006
8                   8 -102.950 229.9  7.28  0.006
29 -19.550 -20.410  8 -103.646 231.3  8.67  0.003
1                   5 -109.576 232.0  9.39  0.002
5                   6 -108.144 232.5  9.87  0.002
9   -8.157          6 -108.208 232.6 10.00  0.002
13  -5.663          7 -107.163 234.2 11.60  0.001
17           6.081  6 -109.062 234.3 11.70  0.001
2                   6 -109.543 235.3 12.67  0.000
6                   7 -107.720 235.3 12.71  0.000
25 -14.850  -8.570  7 -107.857 235.6 12.99  0.000
10  -8.797          7 -107.971 235.8 13.22  0.000
21           1.241  7 -108.119 236.1 13.51  0.000
14  -5.666          8 -106.324 236.6 14.03  0.000
18          10.310  7 -108.431 236.8 14.14  0.000
22           5.032  8 -107.322 238.6 16.02  0.000
26 -14.850  -8.600  8 -107.857 239.7 17.09  0.000
Models ranked by AICc(x) 
Random terms (all models): 
‘1 | Site’
   ModelRank nTerms   AICc    BIC    dev Dispersion
1          1      4 222.62 225.80 202.73      10.14
2          2      3 222.63 226.20 206.43       9.83
3          3      4 222.87 226.05 202.98      10.15
4          4      5 225.30 227.67 201.30      10.59
5          5      5 225.63 228.00 201.63      10.61
6          6      4 225.81 228.99 205.91      10.30
7          7      4 226.31 229.48 206.41      10.32
8          8      5 226.37 228.74 202.37      10.65
9          9      5 226.71 229.07 202.71      10.67
10        10      5 226.96 229.33 202.96      10.68
    wAIC dAIC dBIC
1  0.243 0.00 0.00
2  0.242 0.01 0.40
3  0.214 0.25 0.25
4  0.064 2.68 1.87
5  0.054 3.01 2.20
6  0.049 3.19 3.19
7  0.038 3.69 3.68
8  0.037 3.75 2.94
9  0.031 4.09 3.27
10 0.028 4.34 3.53
Generalized linear mixed model fit by maximum
  likelihood (Laplace Approximation) [glmerMod]
 Family: Negative Binomial(3.0395)  ( log )
Formula: 
Recruits ~ Herb + TOP + ForRate + Spat2018 + (1 | Site)
   Data: RecruitData

     AIC      BIC   logLik deviance df.resid 
   216.7    225.8   -101.4    202.7       20 

Scaled residuals: 
    Min      1Q  Median      3Q     Max 
-1.3672 -0.8667 -0.1151  0.6224  2.8526 

Random effects:
 Groups Name        Variance Std.Dev.
 Site   (Intercept) 0        0       
Number of obs: 27, groups:  Site, 7

Fixed effects:
            Estimate Std. Error z value Pr(>|z|)
(Intercept)   1.8497     1.3081   1.414   0.1574
Herb          6.6158     1.3879   4.767 1.87e-06
TOP          -7.5190     3.9913  -1.884   0.0596
ForRate       0.1709     0.3511   0.487   0.6265
Spat2018      0.5238     0.3887   1.348   0.1778
               
(Intercept)    
Herb        ***
TOP         .  
ForRate        
Spat2018       
---
Signif. codes:  
0 ‘***’ 0.001 ‘**’ 0.01 ‘*’ 0.05 ‘.’ 0.1 ‘ ’ 1

Correlation of Fixed Effects:
         (Intr) Herb   TOP    ForRat
Herb      0.301                     
TOP      -0.873 -0.693              
ForRate  -0.740 -0.244  0.592       
Spat2018 -0.834 -0.315  0.715  0.482
optimizer (Nelder_Mead) convergence code: 0 (OK)
boundary (singular) fit: see help('isSingular')

