Global model call: lme4::glmer(formula = Spat ~ ForRate + TEve + TDiv + TOP + Herb + 
    Benthic + (1 | Site), data = SpatData, family = MASS::negative.binomial(theta = 6.64749398325122), 
    na.action = "na.fail")
---
Model selection table 
     (Intrc)    Bnthc     ForRt  Herb    TDiv
23   8.59200          -0.220300 4.872  -7.212
31   7.48700          -0.111500 5.069  -7.467
24   8.58200  -0.6066 -0.212500 4.833  -7.237
19   3.09200          -0.058250 6.968        
8    9.24300 -28.6200  0.184900 1.974 -10.300
16   3.34500 -24.9700  0.630700 3.813 -10.250
6   11.74000 -22.5100  0.039190       -12.320
32   6.91100  -4.1980 -0.007576 4.892  -7.756
20   3.55700  10.1300 -0.201800 7.587        
27   5.71500          -0.297500 6.530        
5   13.68000          -0.216200       -14.760
15   3.53400           0.569500 3.994 -13.100
22  11.05000 -30.9600  0.172100       -12.330
14  12.71000 -24.7900 -0.049680       -11.790
7   12.52000          -0.108500 1.357 -14.100
28   8.52900  17.0900 -0.719700 7.068        
21  13.47000          -0.273900       -13.670
13  13.93000          -0.231300       -14.750
29  17.78000          -0.713400       -11.140
30  10.93000 -31.2800  0.187400       -12.380
4    0.03580 -44.4300  0.841500 2.812        
2    1.25700 -38.3900  0.600000              
25  16.89000          -0.985500              
1    0.94210           0.395100              
12  -6.38600 -41.2000  1.251000 4.792        
17   3.02800           0.019040              
10   4.53900 -42.6200  0.467500              
18   1.14000 -39.7500  0.630000              
3    0.09541           0.554600 1.830        
9    1.36600           0.376900              
26  14.39000 -11.9000 -0.665500              
11 -10.52000           1.241000 5.155        
       TEve      TOP df   logLik  AICc delta weight
23          -10.8200  7  -92.721 202.7  0.00  0.457
31   1.2450 -10.2200  8  -92.683 205.7  2.99  0.102
24          -10.6600  8  -92.720 205.8  3.07  0.099
19          -15.7800  6  -96.052 206.5  3.77  0.069
8                     7  -94.618 206.5  3.79  0.069
16   5.9960           8  -93.352 207.1  4.33  0.052
6                     6  -97.082 208.6  5.83  0.025
32   1.8210  -8.8220  9  -92.661 208.9  6.21  0.020
20          -18.2900  7  -95.876 209.0  6.31  0.019
27  -2.4990 -16.8000  7  -95.907 209.1  6.37  0.019
5                     5  -99.121 209.9  7.17  0.013
15   8.3710           7  -96.646 210.6  7.85  0.009
22            2.4500  7  -96.750 210.8  8.06  0.008
14  -1.6650           7  -96.841 211.0  8.24  0.007
7                     6  -98.425 211.2  8.51  0.006
28  -4.4260 -21.6600  8  -95.455 211.3  8.54  0.006
21           -2.2670  6  -98.796 212.0  9.26  0.004
13  -0.3134           6  -99.117 212.6  9.90  0.003
29  -6.1090  -6.6160  7  -97.979 213.3 10.52  0.002
30   0.1353   2.5990  8  -96.749 213.9 11.13  0.002
4                     6 -100.075 214.6 11.81  0.001
2                     5 -101.578 214.8 12.09  0.001
25 -13.7200 -14.1300  6 -100.679 215.8 13.02  0.001
1                     4 -103.411 215.9 13.17  0.001
12   6.7100           7  -99.548 216.4 13.66  0.000
17           -6.2120  5 -102.497 216.7 13.93  0.000
10  -3.9710           6 -101.253 216.9 14.17  0.000
18            0.3827  6 -101.576 217.6 14.82  0.000
3                     5 -103.064 217.8 15.06  0.000
9   -0.5210           5 -103.408 218.5 15.75  0.000
26 -11.8100 -11.0400  7 -100.604 218.5 15.77  0.000
11  11.1500           6 -102.432 219.3 16.53  0.000
Models ranked by AICc(x) 
Random terms (all models): 
‘1 | Site’
   ModelRank nTerms   AICc    BIC    dev Dispersion
1          1      4 202.74 211.61 185.44       5.30
2          2      5 205.73 215.27 185.37       5.45
3          3      5 205.80 215.34 185.44       5.45
4          4      3 206.50 214.53 192.10       5.34
5          5      4 206.53 215.40 189.24       5.41
6          6      5 207.07 216.61 186.70       5.49
7          7      3 208.56 216.59 194.16       5.39
8          8      6 208.95 218.96 185.32       5.62
9          9      4 209.05 217.92 191.75       5.48
10        10      4 209.11 217.98 191.81       5.48
    wAIC dAIC dBIC
1  0.490 0.00 0.00
2  0.110 2.99 3.66
3  0.106 3.06 3.73
4  0.075 3.76 2.92
5  0.074 3.79 3.79
6  0.056 4.33 5.00
7  0.027 5.82 4.98
8  0.022 6.21 7.35
9  0.021 6.31 6.31
10 0.020 6.37 6.37
Generalized linear mixed model fit by maximum
  likelihood (Laplace Approximation) [glmerMod]
 Family: Negative Binomial(6.6475)  ( log )
Formula: 
Spat ~ Herb + TDiv + TOP + ForRate + (1 | Site)
   Data: SpatData

     AIC      BIC   logLik deviance df.resid 
   199.4    211.6    -92.7    185.4       35 

Scaled residuals: 
    Min      1Q  Median      3Q     Max 
-1.6351 -0.6201 -0.1684  0.6312  2.6765 

Random effects:
 Groups Name        Variance Std.Dev.
 Site   (Intercept) 0        0       
Number of obs: 42, groups:  Site, 7

Fixed effects:
            Estimate Std. Error z value Pr(>|z|)
(Intercept)   8.5915     2.2381   3.839 0.000124
Herb          4.8722     1.3831   3.523 0.000427
TDiv         -7.2121     2.8149  -2.562 0.010403
TOP         -10.8232     3.0906  -3.502 0.000462
ForRate      -0.2203     0.2454  -0.898 0.369377
               
(Intercept) ***
Herb        ***
TDiv        *  
TOP         ***
ForRate        
---
Signif. codes:  
0 ‘***’ 0.001 ‘**’ 0.01 ‘*’ 0.05 ‘.’ 0.1 ‘ ’ 1

Correlation of Fixed Effects:
        (Intr) Herb   TDiv   TOP   
Herb    -0.577                     
TDiv    -0.961  0.606              
TOP      0.439 -0.774 -0.623       
ForRate -0.410 -0.029  0.253  0.177
optimizer (Nelder_Mead) convergence code: 0 (OK)
boundary (singular) fit: see help('isSingular')

